                             1111111111111111111                                                                                                                                                                                     019 
                             311 35444325524 441                                                                                                                                                                                     003 
                             4113344553434*44444                                                                                                                                                                                     002 
                             411 44444434434 321                                                                                                                                                                                     003 
                             411 35155335525 533                                                                                                                                                                                     003 
                             4111355333255*44455                                                                                                                                                                                     003 
                             411 444544354344453                                                                                                                                                                                     002 
                             4112 4453324524443                                                                                                                                                                                      002 
 8  86   JOHN                311 343233244*4 422                                                                                                                                                                                     002 
                             411 354544455243343                                                                                                                                                                                     002 
